25 25

0
0
1
0.04

0
0.04
0.04
0.12

0.04
0.08
0.08
0.04

0.08
0.12
0.04
0.08

0.12
0.16
0.08
0.04

0.16
0.04
0.04
0.04

0.16
0.08
0.12
0.04

0.24
0.12
0.04
0.12

0.08
0.24
0.32
0.04

0.32
0.08
0.04
0.12

0.36
0.08
0.04
0.04

0.4
0.08
0.04
0.36

0.48
0.08
0.04
0.52

0.56
0.04
0.04
0.08

0.64
0.08
0.2
0.04

0.88
0.08
0.08
0.04

0.96
0.04
0.04
0.84

0.56
0.16
0.12
0.04

0.64
0.12
0.04
0.04

0.72
0.16
0.24
0.04

0.56
0.2
0.04
0.24

0.52
0.24
0.04
0.04

0.6
0.4
0.08
0.04

0
0.28
0.04
0.72

0.04
0.96
0.88
0.04

0.08
0.32
0.28
0.04

0.32
0.36
0.04
0.16

0.36
0.48
0.12
0.04

0.24
0.4
0.04
0.28

0.04
0.4
0.04
0.04

0.08
0.4
0.04
0.12

0.16
0.4
0.08
0.04

0.16
0.48
0.04
0.08

0.04
0.56
0.16
0.04

0.04
0.64
0.08
0.04

0.16
0.64
0.12
0.04

0.16
0.68
0.04
0.04

0.08
0.72
0.44
0.04

0.08
0.76
0.04
0.16

0.12
0.88
0.16
0.04

0.32
0.56
0.04
0.16

0.36
0.56
0.16
0.04

0.32
0.76
0.04
0.2

0.16
0.8
0.16
0.04

0.4
0.76
0.04
0.16

0.8
0.32
0.16
0.04

0.8
0.24
0.12
0.04

0.84
0.2
0.04
0.04

0.64
0.24
0.12
0.04

0.72
0.2
0.04
0.04

0.64
0.28
0.04
0.04

0.64
0.32
0.12
0.04

0.72
0.36
0.04
0.16

0.76
0.4
0.16
0.04

0.56
0.48
0.12
0.04

0.8
0.48
0.12
0.04

0.64
0.56
0.2
0.04

0.64
0.52
0.04
0.04

0.8
0.52
0.04
0.04

0.88
0.52
0.04
0.24

0.4
0.64
0.36
0.04

0.56
0.56
0.04
0.08

0.8
0.64
0.08
0.04

0.64
0.68
0.04
0.2

0.56
0.72
0.08
0.04

0.48
0.8
0.16
0.04

0.48
0.88
0.28
0.04

0.72
0.92
0.04
0.04

0.72
0.72
0.04
0.12

0.8
0.72
0.04
0.2

0.76
0.8
0.04
0.04

0.84
0.72
0.04
0.04

0.88
0.8
0.04
0.12

0.92
0.8
0.04
0.04